ID       DLC Data                    Period Count  Comment
000      0                           22737  3      
0B0      8   53 7E 92 25 50 00 00 00 0      1      
0EE      8   FF FE 02 82 14 27 10 00 0      1      
200      8   27 12 27 0A 27 13 00 00 44     51131  
200      7   FF FF 38 04 00 00 00    28292  14     
200      1   29                      8685   8      
201      8   0B D9 FF FF 27 10 00 FF 44     41995  RPM
201      7   FF FF 38 04 00 00 00    9068   6      RPM
201      1   29                      13576  3      RPM
202      8   00 00 00 00 00 00 00 00 9304   34     
204      8   00 00 00 00 19 00 40 00 52252  8      DEC: 0 0 0 0 25 0 64 0
205      8   27 10 27 10 27 10 27 10 21300  11     
206      8   FF FE 02 82 13 27 10 00 53671  22     
210      7   FF FF 38 04 00 00 00    19     66647  
210      8   0B D8 FF FF 27 10 00 FF 4682   467    
210      1   29                      20099  11     
211      8   FF FE 00 00 48 48 00 00 77     52084  
211      1   29                      54176  9      
212      8   00 00 00 00 00 00 00 00 19528  35     
214      8   00 00 00 00 1B 58 40 00 20691  19     
214      7   FF FF 38 04 00 00 00    33104  2      DEC: 255 255 56 4 0 0 0
215      8   02 28 02 28 02 26 00 40 28     52416  
215      7   FF FF 38 04 00 00 00    45010  12     
215      1   29                      56197  6      
216      8   FF FE 02 82 14 27 10 00 16     89880  Speed, 4th byte
216      7   FF FF 38 04 00 00 00    5148   8      Speed, 4th byte
216      1   29                      4890   10     Speed, 4th byte
218      8   0F AA 65 80 FF FE 00 00 76     17657  
218      7   FF FF 38 04 00 00 00    0      1      
218      1   10                      0      1      DEC: 16
219      8   0B CD FF FF 27 10 00 FF 6735   44     
21A      8   00 00 00 00 00 00 00 00 32     57830  
21A      7   FF FF 38 04 00 00 00    5896   2      
21A      1   29                      0      1      
21C      8   00 00 00 00 1B 58 40 00 29160  7      
21D      8   02 27 02 27 02 26 00 40 30825  10     
21E      8   FF FE 02 82 14 27 10 00 1777   12     
230      8   5C 86 91 25 67 00 00 00 1950   5      
230      7   FF FF 38 04 00 00 00    24919  2      
231      8   01 00 FF FF 00 00 00 00 26     26786  Gear Position: 20 = N, 18 = R, 255, 1 = P
231      7   FF FF 38 04 00 00 00    25341  4      Gear Position: 20 = N, 18 = R, 255, 1 = P
231      1   10                      28494  2      DEC: 16
232      8   00 00 00 00 00 00 00 00 0      1      DEC: 0 0 0 0 0 0 0 0
235      8   02 26 02 26 02 26 00 40 11198  2      
236      8   FF FE 02 82 14 27 10 00 43683  4      
240      8   59 86 8D 25 68 00 00 00 50     15102  
240      1   00                      0      1      
240      7   FF FF 38 04 00 00 00    47775  4      
241      8   00 00 00 00 00 00 00 00 18680  6      
241      1   00                      0      1      
242      8   00 00 00 00 00 00 00 00 45293  2      
244      8   00 00 00 00 1B A0 40 00 0      1      
246      8   FF FE 02 82 14 27 10 00 34148  3      
420      8   86 36 00 18 00 00 00 00 196    2220   
421      8   FF FE 00 00 48 48 00 00 0      1      
430      8   32 A6 00 00 00 00 00 00 52     16388  
430      7   FF FF 38 04 00 00 00    54107  3      
431      8   0C 30 FF FF 27 10 00 FF 17033  11     
432      8   00 00 00 00 00 00 00 00 20071  5      
435      8   02 29 02 29 02 26 00 40 0      1      
4B0      8   27 10 27 10 27 10 27 10 11     142285 
4B0      7   FF FF 38 04 00 00 00    29092  42     
4B0      1   20                      22737  11     
4B1      8   00 00 00 00 00 00 00 00 24     101114 
4B1      7   FF FF 38 04 00 00 00    1599   84     
4B1      1   14                      55396  14     DEC: 20
4B2      8   00 00 00 00 00 00 00 00 31140  5      
4B4      8   00 00 00 00 1B 58 40 00 32769  12     
4B4      7   FF FF 38 04 00 00 00    0      1      DEC: 255 255 56 4 0 0 0
4B5      8   02 29 02 29 02 26 00 40 34171  37     
4B5      7   FF FF 38 04 00 00 00    0      1      DEC: 255 255 56 4 0 0 0
4B6      8   02 27 02 27 02 26 00 40 21999  17     
4B6      1   14                      24114  2      DEC: 20
4B6      7   FF FF 38 04 00 00 00    0      1      DEC: 255 255 56 4 0 0 0
4C0      1   20                      200    9733   
4C0      8   01 00 FF FF 00 00 00 00 22963  41     
4C1      1   29                      300    8124   
4C1      7   FF FF 38 04 00 00 00    0      1      
4C1      8   0B B3 FF FF 27 10 00 FF 38756  13     
4C2      8   00 00 00 00 00 00 00 00 51169  2      DEC: 0 0 0 0 0 0 0 0
4C5      8   02 29 02 29 02 26 00 40 0      1      DEC: 2 41 2 41 2 38 0 64
4E8      8   0F AA 60 80 FF FE 00 00 11130  10     DEC: 15 170 96 128 255 254 0 0
4E8      7   FF FF 38 04 00 00 00    33188  3      DEC: 255 255 56 4 0 0 0
4E9      8   FF FE 00 00 48 48 00 00 9847   5      
4EA      8   00 00 00 00 00 00 00 00 59235  6      
4EC      8   00 00 00 00 1B 58 40 00 63     34763  
4EC      7   FF FF 38 04 00 00 00    25705  2      DEC: 255 255 56 4 0 0 0
4EE      8   FF FE 02 82 15 27 10 00 26312  3      
4F0      8   17 44 12 FF 03 00 00 00 19849  212    
4F1      8   4B 01 70 FF FF 00 63 63 2992   234    
600      8   27 17 27 0E 27 17 00 00 0      1      
611      8   FF FE 00 00 48 48 00 00 0      1      
61A      8   00 00 00 00 00 00 00 00 0      1      
681      8   00 00 00 00 00 00 00 00 0      1      DEC: 0 0 0 0 0 0 0 0

